node#	P(bar)	T(K)	Gt	Ring	ca-pv	Pv	per	CF	wus	Ppv	
1	238033	1500	16.3257	62.2052	4.52527	16.9438	0	0	0	0	
2	246220	1500	15.6131	30.297	4.80542	39.8073	9.47712	0	0	0	
3	254433	1500	13.845	0	5.15554	62.314	17.8549	0.308973	0.521475	0	
4	262700	1500	7.96561	0	5.58968	66.4844	17.3986	2.01512	0.546537	0	
5	270960	1500	0	0	6.19299	72.2344	16.7604	4.13394	0.678227	0	
6	279273	1500	0	0	6.19295	72.242	16.7484	4.14349	0.673173	0	
7	287587	1500	0	0	6.19289	72.2506	16.7376	4.15121	0.667711	0	
8	295900	1500	0	0	6.19282	72.2564	16.7256	4.16247	0.662712	0	
9	304213	1500	0	0	6.19274	72.2644	16.7154	4.17044	0.65703	0	
10	312600	1500	0	0	6.19265	72.2716	16.7052	4.1793	0.651275	0	
11	320900	1500	0	0	6.19255	72.2782	16.6954	4.18843	0.645467	0	
12	329300	1500	0	0	6.19244	72.285	16.6859	4.19729	0.63934	0	
13	337700	1500	0	0	6.19233	72.2901	16.676	4.20824	0.633351	0	
14	346200	1500	0	0	6.19221	72.2969	16.6675	4.21674	0.626643	0	
15	354600	1500	0	0	6.19208	72.3022	16.6588	4.22679	0.620054	0	
16	363093	1500	0	0	6.19194	72.3074	16.6504	4.23708	0.613165	0	
17	371500	1500	0	0	6.1918	72.3129	16.6429	4.24646	0.605956	0	
18	380000	1500	0	0	6.19166	72.3178	16.6354	4.2567	0.598519	0	
19	388553	1500	0	0	6.1915	72.3227	16.6284	4.26675	0.590706	0	
20	397100	1500	0	0	6.19134	72.3273	16.6217	4.27701	0.582636	0	
21	405627	1500	0	0	6.19118	72.3318	16.6156	4.2871	0.574251	0	
22	414200	1500	0	0	6.19101	72.3366	16.6102	4.29674	0.565417	0	
23	422800	1500	0	0	6.19083	72.3397	16.6042	4.30874	0.556603	0	
24	431387	1500	0	0	6.19066	72.3444	16.5998	4.31815	0.547039	0	
25	440073	1500	0	0	6.19047	72.3486	16.5955	4.3283	0.537111	0	
26	448660	1500	0	0	6.19029	72.352	16.5914	4.33922	0.527077	0	
27	457347	1500	0	0	6.19009	72.3555	16.5878	4.35013	0.516527	0	
28	465967	1500	0	0	6.1899	72.3588	16.5847	4.36099	0.505682	0	
29	474740	1500	0	0	6.1897	72.3618	16.5819	4.37235	0.494293	0	
30	483413	1500	0	0	6.1895	72.3672	16.5811	4.38015	0.482075	0	
31	492187	1500	0	0	6.1893	72.3692	16.5788	4.39268	0.470045	0	
32	500880	1500	0	0	6.18909	72.3709	16.577	4.40527	0.457733	0	
33	509633	1500	0	0	6.18888	72.3743	16.5767	4.41557	0.44452	0	
34	518460	1500	0	0	6.18867	72.3772	16.5766	4.42674	0.430872	0	
35	527280	1500	0	0	6.18845	72.3803	16.5772	4.43735	0.416691	0	
36	536153	1500	0	0	6.18824	72.3823	16.5778	4.44946	0.402186	0	
37	544940	1500	0	0	6.18802	72.3848	16.5792	4.46069	0.387228	0	
38	553800	1500	0	0	6.1878	72.3892	16.5823	4.46941	0.371249	0	
39	562660	1500	0	0	6.18758	72.3896	16.5837	4.4835	0.355635	0	
40	571620	1500	0	0	6.18735	72.3917	16.5866	4.49531	0.338949	0	
41	580480	1500	0	0	6.18713	72.3939	16.5902	4.50686	0.321918	0	
42	589440	1500	0	0	6.1869	72.3974	16.5951	4.51673	0.303888	0	
43	598400	1500	0	0	6.18667	72.3986	16.5993	4.52965	0.285808	0	
44	607360	1500	0	0	6.18644	72.4006	16.6046	4.54135	0.266994	0	
45	616327	1500	0	0	6.18621	72.4013	16.6097	4.5549	0.247908	0	
46	625380	1500	0	0	6.18598	72.4045	16.617	4.56501	0.227513	0	
47	634420	1500	0	0	6.18574	72.4064	16.624	4.57693	0.206861	0	
48	643400	1500	0	0	6.18551	72.4084	16.6317	4.58859	0.185745	0	
49	652460	1500	0	0	6.18528	72.4104	16.6401	4.60034	0.163851	0	
50	661560	1500	0	0	6.18504	72.4123	16.6491	4.61227	0.141279	0	
51	670707	1500	0	0	6.18481	72.4138	16.6585	4.62484	0.118065	0	
52	679853	1500	0	0	6.18457	72.4155	16.6687	4.63703	0.0941697	0	
53	689000	1500	0	0	6.18433	72.417	16.6794	4.64962	0.0697026	0	
54	698047	1500	0	0	6.1841	72.4194	16.6911	4.66075	0.0446661	0	
55	707267	1500	0	0	6.18386	72.4211	16.7034	4.67304	0.0186478	0	
56	716500	1500	0	0	6.18362	72.4207	16.7086	4.68702	0	0	
57	725733	1500	0	0	6.18337	72.4197	16.6981	4.6989	0	0	
58	734967	1500	0	0	6.18312	72.4158	16.6865	4.71455	0	0	
59	744200	1500	0	0	6.18286	72.4135	16.6757	4.72791	0	0	
60	753433	1500	0	0	6.18261	72.4102	16.6646	4.74257	0	0	
61	762767	1500	0	0	6.18236	72.408	16.6539	4.75574	0	0	
62	772100	1500	0	0	6.1821	72.4045	16.6429	4.77052	0	0	
63	781433	1500	0	0	6.18185	72.4004	16.6317	4.78605	0	0	
64	790767	1500	0	0	6.18159	72.3979	16.6212	4.7993	0	0	
65	800200	1500	0	0	6.18133	72.3944	16.6104	4.81389	0	0	
66	809560	1500	0	0	6.18108	72.3906	16.5996	4.82874	0	0	
67	819067	1500	0	0	6.18082	72.387	16.5889	4.84329	0	0	
68	828500	1500	0	0	6.18056	72.3831	16.5782	4.85811	0	0	
69	837933	1500	0	0	6.1803	72.3798	16.5679	4.87205	0	0	
70	847440	1500	0	0	6.18004	72.3763	16.5575	4.88621	0	0	
71	856920	1500	0	0	6.17978	72.3712	16.5466	4.90244	0	0	
72	866480	1500	0	0	6.17952	72.3686	16.5367	4.9151	0	0	
73	876033	1500	0	0	6.17926	72.3641	16.5262	4.93046	0	0	
74	885620	1500	0	0	6.179	72.3603	16.516	4.94472	0	0	
75	895240	1500	0	0	6.17874	72.356	16.5057	4.95956	0	0	
76	904760	1500	0	0	6.17848	72.3524	16.4957	4.97342	0	0	
77	914460	1500	0	0	6.17821	72.3481	16.4856	4.98808	0	0	
78	924167	1500	0	0	6.17795	72.3438	16.4754	5.00287	0	0	
79	933873	1500	0	0	6.17769	72.3399	16.4655	5.01693	0	0	
80	943580	1500	0	0	6.17742	72.3352	16.4554	5.03201	0	0	
81	953287	1500	0	0	6.17716	72.3313	16.4457	5.0458	0	0	
82	963107	1500	0	0	6.17689	72.3267	16.4357	5.06068	0	0	
83	972900	1500	0	0	6.17663	72.3218	16.4257	5.07584	0	0	
84	982793	1500	0	0	6.17636	72.3175	16.4159	5.09025	0	0	
85	992587	1500	0	0	6.1761	72.3131	16.4063	5.10448	0	0	
86	1.00248e+06	1500	0	0	6.17583	72.3085	16.3965	5.11914	0	0	
87	1.01232e+06	1500	0	0	6.17557	72.3042	16.387	5.13324	0	0	
88	1.0223e+06	1500	0	0	6.17531	72.297	16.3764	5.15127	0	0	
89	1.03228e+06	1500	0	0	6.17504	72.2939	16.3675	5.16364	0	0	
90	1.04226e+06	1500	0	0	6.17477	72.2903	16.3583	5.17664	0	0	
91	1.05225e+06	1500	0	0	6.17451	72.285	16.3486	5.1919	0	0	
92	1.06224e+06	1500	0	0	6.17424	72.2807	16.3394	5.20569	0	0	
93	1.0724e+06	1500	0	0	6.17397	72.2762	16.3301	5.2198	0	0	
94	1.08253e+06	1500	0	0	6.1737	72.2719	16.3209	5.23348	0	0	
95	1.09266e+06	1500	0	0	6.17344	72.2663	16.3113	5.24895	0	0	
96	1.10284e+06	1500	0	0	6.19355	51.817	16.3114	5.43949	0	20.2386	
97	1.11293e+06	1500	0	0	6.24373	0	14.3938	5.99177	2.18716	71.1836	
98	1.1232e+06	1500	0	0	6.24425	0	14.4791	5.98046	2.09046	71.2058	
99	1.13347e+06	1500	0	0	6.24477	0	14.5671	5.96901	1.99059	71.2285	
100	1.14383e+06	1500	0	0	6.2453	0	14.659	5.95702	1.88656	71.2521	
101	1.1541e+06	1500	0	0	6.24584	0	14.753	5.9448	1.78007	71.2762	
102	1.16447e+06	1500	0	0	6.2464	0	14.8511	5.93238	1.66903	71.3011	
103	1.17477e+06	1500	0	0	6.24697	0	14.9518	5.9191	1.55516	71.3269	
104	1.18532e+06	1500	0	0	6.24756	0	15.0585	5.90483	1.43472	71.3544	
105	1.19577e+06	1500	0	0	6.24816	0	15.1676	5.89091	1.31148	71.3819	
106	1.20632e+06	1500	0	0	6.24879	0	15.2816	5.87508	1.18302	71.4115	
107	1.21678e+06	1500	0	0	6.24942	0	15.3977	5.86178	1.05142	71.4397	
108	1.2273e+06	1500	0	0	6.25007	0	15.5189	5.84563	0.914819	71.4706	
109	1.23794e+06	1500	0	0	6.25074	0	15.6454	5.82927	0.772132	71.5024	
110	1.24858e+06	1500	0	0	6.25144	0	15.776	5.81272	0.62477	71.535	
111	1.25925e+06	1500	0	0	6.25215	0	15.9116	5.79452	0.47219	71.5695	
112	1.26996e+06	1500	0	0	6.25289	0	16.0521	5.77592	0.314043	71.6051	
113	1.2807e+06	1500	0	0	6.25365	0	16.1973	5.75743	0.150288	71.6413	
114	1.29153e+06	1500	0	0	6.25437	0	16.3311	5.73755	0	71.6769	
115	1.30245e+06	1500	0	0	6.25462	0	16.3345	5.71421	0	71.6966	
116	1.31296e+06	1500	0	0	6.25487	0	16.3379	5.69153	0	71.7157	
117	1.32341e+06	1500	0	0	6.25511	0	16.3413	5.66857	0	71.735	
118	1.33387e+06	1500	0	0	6.25534	0	16.345	5.64491	0	71.7547	
119	1.34432e+06	1500	0	0	6.25558	0	16.3492	5.61986	0	71.7754	
120	1.35477e+06	1500	0	0	6.25581	0	16.3532	5.59502	0	71.7959	
